# Format: McCode with text headers
# URL: http://www.mccode.org
# Creator: McStas 3.4 - Sep. 19, 2023
# Instrument: my_instrument.instr
# Ncount: 25000000
# Trace: no
# Gravitation: no
# Seed: 1714077719635245
# Directory: /home/tbvanderwoude/repos/bep/my_instrument_7
# Nodes: 4
# Param: wavelength=2.165
# Param: delta_wavelength=0.02
# Param: By=0.00468
# Date: Thu Apr 25 22:44:45 2024 (1714077885)
# type: array_1d(1001)
# Source: my_instrument (my_instrument.instr)
# component: PSD
# position: 0 0 5
# title: PSD monitor
# Ncount: 100000000
# filename: PSD.dat
# statistics: X0=-9.2477e-06; dX=0.288702;
# signal: Min=0; Max=1.77383e-10; Mean=1.5984e-10;
# values: 1.6e-07 1.6e-11 1e+08
# xvar: Y 
# yvar: (I,Ierr)
# xlabel: Y position [cm]
# ylabel: Y
# xlimits: -0.55 0.55
# variables: Y  I I_err N
# Data [PSD/PSD.dat] I:
-0.5494505495 0 0 0 
-0.5483516484 0 0 0 
-0.5472527473 0 0 0 
-0.5461538462 0 0 0 
-0.5450549451 0 0 0 
-0.543956044 0 0 0 
-0.5428571429 0 0 0 
-0.5417582418 0 0 0 
-0.5406593407 0 0 0 
-0.5395604396 0 0 0 
-0.5384615385 0 0 0 
-0.5373626374 0 0 0 
-0.5362637363 0 0 0 
-0.5351648352 0 0 0 
-0.5340659341 0 0 0 
-0.532967033 0 0 0 
-0.5318681319 0 0 0 
-0.5307692308 0 0 0 
-0.5296703297 0 0 0 
-0.5285714286 0 0 0 
-0.5274725275 0 0 0 
-0.5263736264 0 0 0 
-0.5252747253 0 0 0 
-0.5241758242 0 0 0 
-0.5230769231 0 0 0 
-0.521978022 0 0 0 
-0.5208791209 0 0 0 
-0.5197802198 0 0 0 
-0.5186813187 0 0 0 
-0.5175824176 0 0 0 
-0.5164835165 0 0 0 
-0.5153846154 0 0 0 
-0.5142857143 0 0 0 
-0.5131868132 0 0 0 
-0.5120879121 0 0 0 
-0.510989011 0 0 0 
-0.5098901099 0 0 0 
-0.5087912088 0 0 0 
-0.5076923077 0 0 0 
-0.5065934066 0 0 0 
-0.5054945055 0 0 0 
-0.5043956044 0 0 0 
-0.5032967033 0 0 0 
-0.5021978022 0 0 0 
-0.5010989011 0 0 0 
-0.5 8.786844817e-11 3.749519358e-13 54918 
-0.4989010989 1.751449001e-10 5.293682274e-13 109466 
-0.4978021978 1.759944996e-10 5.306506182e-13 109997 
-0.4967032967 1.758441019e-10 5.304238362e-13 109903 
-0.4956043956 1.753561026e-10 5.29687312e-13 109598 
-0.4945054945 1.759545045e-10 5.305903264e-13 109972 
-0.4934065934 1.750569094e-10 5.292352502e-13 109411 
-0.4923076923 1.755689111e-10 5.300086372e-13 109731 
-0.4912087912 1.756665091e-10 5.301559291e-13 109792 
-0.4901098901 1.754137111e-10 5.297743252e-13 109634 
-0.489010989 1.759801112e-10 5.306289437e-13 109988 
-0.4879120879 1.75380114e-10 5.297235928e-13 109613 
-0.4868131868 1.757177138e-10 5.302331979e-13 109824 
-0.4857142857 1.760217146e-10 5.306916684e-13 110014 
-0.4846153846 1.769657152e-10 5.321128157e-13 110604 
-0.4835164835 1.757609203e-10 5.302983924e-13 109851 
-0.4824175824 1.771113131e-10 5.323316655e-13 110695 
-0.4813186813 1.751961253e-10 5.294456733e-13 109498 
-0.4802197802 1.763657221e-10 5.312100061e-13 110229 
-0.4791208791 1.762169258e-10 5.30985878e-13 110136 
-0.478021978 1.7543133e-10 5.29800959e-13 109645 
-0.4769230769 1.762025282e-10 5.309641894e-13 110127 
-0.4758241758 1.75724129e-10 5.302428999e-13 109828 
-0.4747252747 1.752585336e-10 5.295399774e-13 109537 
-0.4736263736 1.758713313e-10 5.304649472e-13 109920 
-0.4725274725 1.764009317e-10 5.312630437e-13 110251 
-0.4714285714 1.749641372e-10 5.290950378e-13 109353 
-0.4703296703 1.764361377e-10 5.313160646e-13 110273 
-0.4692307692 1.748041429e-10 5.288530773e-13 109253 
-0.4681318681 1.762905397e-10 5.310967964e-13 110182 
-0.467032967 1.76402539e-10 5.312654749e-13 110252 
-0.4659340659 1.755305424e-10 5.299507674e-13 109707 
-0.4648351648 1.759481478e-10 5.305808072e-13 109968 
-0.4637362637 1.755721452e-10 5.300135702e-13 109733 
-0.4626373626 1.746921532e-10 5.286836579e-13 109183 
-0.4615384615 1.761753465e-10 5.309232608e-13 110110 
-0.4604395604 1.767001443e-10 5.317134394e-13 110438 
-0.4593406593 1.759017532e-10 5.305108577e-13 109939 
-0.4582417582 1.763065499e-10 5.311209274e-13 110192 
-0.4571428571 1.751881566e-10 5.294336796e-13 109493 
-0.456043956 1.751865613e-10 5.294312761e-13 109492 
-0.4549450549 1.773833531e-10 5.327403964e-13 110865 
-0.4538461538 1.767865534e-10 5.318434458e-13 110492 
-0.4527472527 1.770745566e-10 5.322764894e-13 110672 
-0.4516483516 1.759353629e-10 5.305615528e-13 109960 
-0.4505494505 1.758937629e-10 5.30498823e-13 109934 
-0.4494505495 1.761689608e-10 5.309136601e-13 110106 
-0.4483516484 1.757433654e-10 5.302719767e-13 109840 
-0.4472527473 1.756361686e-10 5.301102335e-13 109773 
-0.4461538462 1.761433673e-10 5.308751033e-13 110090 
-0.4450549451 1.758937703e-10 5.304988453e-13 109934 
-0.443956044 1.770169686e-10 5.321899469e-13 110636 
-0.4428571429 1.758281722e-10 5.303999161e-13 109893 
-0.4417582418 1.75208976e-10 5.294651671e-13 109506 
-0.4406593407 1.763241724e-10 5.311475046e-13 110203 
-0.4395604396 1.761849756e-10 5.309378135e-13 110116 
-0.4384615385 1.752393795e-10 5.295111088e-13 109525 
-0.4373626374 1.757049787e-10 5.302140812e-13 109816 
-0.4362637363 1.757385785e-10 5.302647747e-13 109837 
-0.4351648352 1.757513831e-10 5.302840994e-13 109845 
-0.4340659341 1.758729853e-10 5.304675231e-13 109921 
-0.432967033 1.755673832e-10 5.300064399e-13 109730 
-0.4318681319 1.752217885e-10 5.29484545e-13 109514 
-0.4307692308 1.759817889e-10 5.306315903e-13 109989 
-0.4296703297 1.751369905e-10 5.293564106e-13 109461 
-0.4285714286 1.756105907e-10 5.300716653e-13 109757 
-0.4274725275 1.764681885e-10 5.313643977e-13 110293 
-0.4263736264 1.761657903e-10 5.309089273e-13 110104 
-0.4252747253 1.761657935e-10 5.309089368e-13 110104 
-0.4241758242 1.758233951e-10 5.303927454e-13 109890 
-0.4230769231 1.75896998e-10 5.305037546e-13 109936 
-0.421978022 1.759513988e-10 5.305857858e-13 109970 
-0.4208791209 1.755850009e-10 5.300330584e-13 109741 
-0.4197802198 1.747386062e-10 5.287540258e-13 109212 
-0.4186813187 1.765018012e-10 5.314150204e-13 110314 
-0.4175824176 1.761913996e-10 5.309475291e-13 110120 
-0.4164835165 1.76308203e-10 5.311234976e-13 110193 
-0.4153846154 1.751450115e-10 5.293685643e-13 109466 
-0.4142857143 1.763258048e-10 5.311500121e-13 110204 
-0.4131868132 1.754154088e-10 5.297770362e-13 109635 
-0.4120879121 1.754346107e-10 5.298060346e-13 109647 
-0.410989011 1.763338098e-10 5.311620765e-13 110209 
-0.4098901099 1.766586085e-10 5.316510388e-13 110412 
-0.4087912088 1.759466125e-10 5.305785898e-13 109967 
-0.4076923077 1.769322125e-10 5.320625902e-13 110583 
-0.4065934066 1.758890165e-10 5.304917462e-13 109931 
-0.4054945055 1.769562134e-10 5.320986777e-13 110598 
-0.4043956044 1.759834173e-10 5.306340881e-13 109990 
-0.4032967033 1.75977017e-10 5.306244382e-13 109986 
-0.4021978022 1.759226223e-10 5.305424311e-13 109952 
-0.4010989011 1.759274239e-10 5.305496739e-13 109955 
-0.4 1.762058219e-10 5.30969293e-13 110129 
-0.3989010989 1.765194206e-10 5.314415732e-13 110325 
-0.3978021978 1.751498268e-10 5.293758645e-13 109469 
-0.3967032967 1.764778255e-10 5.313789622e-13 110299 
-0.3956043956 1.75505029e-10 5.299123822e-13 109691 
-0.3945054945 1.763034275e-10 5.311163412e-13 110190 
-0.3934065934 1.7623143e-10 5.310078869e-13 110145 
-0.3923076923 1.755770312e-10 5.30021075e-13 109736 
-0.3912087912 1.765178329e-10 5.314392019e-13 110324 
-0.3901098901 1.760714326e-10 5.307667889e-13 110045 
-0.389010989 1.760218336e-10 5.30692027e-13 110014 
-0.3879120879 1.755466353e-10 5.299752004e-13 109717 
-0.3868131868 1.765514354e-10 5.314897868e-13 110345 
-0.3857142857 1.756410398e-10 5.301176921e-13 109776 
-0.3846153846 1.759802406e-10 5.306293339e-13 109988 
-0.3835164835 1.765338431e-10 5.314633176e-13 110334 
-0.3824175824 1.760826405e-10 5.307836939e-13 110052 
-0.3813186813 1.763722414e-10 5.312200037e-13 110233 
-0.3802197802 1.759258438e-10 5.305473214e-13 109954 
-0.3791208791 1.765770456e-10 5.315283491e-13 110361 
-0.378021978 1.756954494e-10 5.301998095e-13 109810 
-0.3769230769 1.759098483e-10 5.305232083e-13 109944 
-0.3758241758 1.755114493e-10 5.299221053e-13 109695 
-0.3747252747 1.755690526e-10 5.300090643e-13 109731 
-0.3736263736 1.756714525e-10 5.30163605e-13 109795 
-0.3725274725 1.768314503e-10 5.319111214e-13 110520 
-0.3714285714 1.756954536e-10 5.301998222e-13 109810 
-0.3703296703 1.751802578e-10 5.294218971e-13 109488 
-0.3692307692 1.758266565e-10 5.303977571e-13 109892 
-0.3681318681 1.766506556e-10 5.316391425e-13 110407 
-0.367032967 1.747562625e-10 5.287808242e-13 109223 
-0.3659340659 1.756058592e-10 5.300646276e-13 109754 
-0.3648351648 1.755594629e-10 5.299946051e-13 109725 
-0.3637362637 1.758266623e-10 5.303977747e-13 109892 
-0.3626373626 1.76437862e-10 5.313188482e-13 110274 
-0.3615384615 1.766266634e-10 5.316030502e-13 110392 
-0.3604395604 1.762762648e-10 5.310754817e-13 110173 
-0.3593406593 1.754634683e-10 5.298496944e-13 109665 
-0.3582417582 1.754458705e-10 5.298231269e-13 109654 
-0.3571428571 1.758362684e-10 5.304122724e-13 109898 
-0.356043956 1.751226725e-10 5.29334896e-13 109452 
-0.3549450549 1.745178762e-10 5.284200639e-13 109074 
-0.3538461538 1.755866731e-10 5.300356912e-13 109742 
-0.3527472527 1.765914709e-10 5.315500982e-13 110370 
-0.3516483516 1.752090774e-10 5.294654736e-13 109506 
-0.3505494505 1.759738745e-10 5.306197869e-13 109984 
-0.3494505495 1.7503148e-10 5.291970671e-13 109395 
-0.3483516484 1.750730798e-10 5.292599507e-13 109421 
-0.3472527473 1.755722804e-10 5.300139783e-13 109733 
-0.3461538462 1.760538805e-10 5.307404052e-13 110034 
-0.3450549451 1.751834823e-10 5.294268066e-13 109490 
-0.343956044 1.759066803e-10 5.305184794e-13 109942 
-0.3428571429 1.754410831e-10 5.298159172e-13 109651 
-0.3417582418 1.764570829e-10 5.313478194e-13 110286 
-0.3406593407 1.758186859e-10 5.303857793e-13 109887 
-0.3395604396 1.754362889e-10 5.298086867e-13 109648 
-0.3384615385 1.754858856e-10 5.298835663e-13 109679 
-0.3373626374 1.754058886e-10 5.297627803e-13 109629 
-0.3362637363 1.764122874e-10 5.312803777e-13 110258 
-0.3351648352 1.759546902e-10 5.305908862e-13 109972 
-0.3340659341 1.760442908e-10 5.307259656e-13 110028 
-0.332967033 1.763930906e-10 5.312514751e-13 110246 
-0.3318681319 1.76052291e-10 5.30738025e-13 110033 
-0.3307692308 1.76050693e-10 5.307356193e-13 110032 
-0.3296703297 1.761882948e-10 5.309429944e-13 110118 
-0.3285714286 1.757914957e-10 5.303447805e-13 109870 
-0.3274725275 1.763818948e-10 5.312346216e-13 110239 
-0.3263736264 1.756682985e-10 5.301589151e-13 109793 
-0.3252747253 1.757626996e-10 5.303013472e-13 109852 
-0.3241758242 1.760939004e-10 5.308007548e-13 110059 
-0.3230769231 1.763355013e-10 5.311647618e-13 110210 
-0.321978022 1.75834704e-10 5.304099668e-13 109897 
-0.3208791209 1.75276305e-10 5.295670835e-13 109548 
-0.3197802198 1.76733904e-10 5.317644712e-13 110459 
-0.3186813187 1.75610708e-10 5.300720192e-13 109757 
-0.3175824176 1.756731064e-10 5.301661821e-13 109796 
-0.3164835165 1.747803089e-10 5.288172732e-13 109238 
-0.3153846154 1.760235072e-10 5.306946609e-13 110015 
-0.3142857143 1.758059087e-10 5.30366541e-13 109879 
-0.3131868132 1.760907101e-10 5.307959611e-13 110057 
-0.3120879121 1.754667117e-10 5.298546569e-13 109667 
-0.310989011 1.762859111e-10 5.310900824e-13 110179 
-0.3098901099 1.760075107e-10 5.306705516e-13 110005 
-0.3087912088 1.751659134e-10 5.294003048e-13 109479 
-0.3076923077 1.761195132e-10 5.308393751e-13 110075 
-0.3065934066 1.750795179e-10 5.292697397e-13 109425 
-0.3054945055 1.761803144e-10 5.309309992e-13 110113 
-0.3043956044 1.757147176e-10 5.302289849e-13 109822 
-0.3032967033 1.75965919e-10 5.306078598e-13 109979 
-0.3021978022 1.761371205e-10 5.308659204e-13 110086 
-0.3010989011 1.7562352e-10 5.300913734e-13 109765 
-0.3 1.764059217e-10 5.312708439e-13 110254 
-0.2989010989 1.754267235e-10 5.297942952e-13 109642 
-0.2978021978 1.760715211e-10 5.307670557e-13 110045 
-0.2967032967 1.759259247e-10 5.305475653e-13 109954 
-0.2956043956 1.758571265e-10 5.304438188e-13 109911 
-0.2945054945 1.755915264e-10 5.300430967e-13 109745 
-0.2934065934 1.753499273e-10 5.296783243e-13 109594 
-0.2923076923 1.760635274e-10 5.307550167e-13 110040 
-0.2912087912 1.757819297e-10 5.303304018e-13 109864 
-0.2901098901 1.758587309e-10 5.30446245e-13 109912 
-0.289010989 1.751499328e-10 5.293761846e-13 109469 
-0.2879120879 1.754779341e-10 5.298716345e-13 109674 
-0.2868131868 1.768187316e-10 5.318921142e-13 110512 
-0.2857142857 1.754507352e-10 5.298305696e-13 109657 
-0.2846153846 1.758683346e-10 5.304607345e-13 109918 
-0.2835164835 1.754923348e-10 5.298933773e-13 109683 
-0.2824175824 1.763307362e-10 5.311576375e-13 110207 
-0.2813186813 1.76047538e-10 5.307309315e-13 110030 
-0.2802197802 1.764027363e-10 5.312660691e-13 110252 
-0.2791208791 1.752923383e-10 5.295913544e-13 109558 
-0.278021978 1.761099373e-10 5.308249801e-13 110069 
-0.2769230769 1.756363398e-10 5.3011075e-13 109773 
-0.2758241758 1.75292342e-10 5.295913655e-13 109558 
-0.2747252747 1.750635454e-10 5.292456378e-13 109415 
-0.2736263736 1.764107427e-10 5.312781349e-13 110257 
-0.2725274725 1.757547438e-10 5.302894116e-13 109847 
-0.2714285714 1.76305144e-10 5.311191023e-13 110191 
-0.2703296703 1.754523483e-10 5.298330252e-13 109658 
-0.2692307692 1.759099444e-10 5.305234983e-13 109944 
-0.2681318681 1.752171488e-10 5.294777768e-13 109511 
-0.267032967 1.76620347e-10 5.315936704e-13 110388 
-0.2659340659 1.756219487e-10 5.300890451e-13 109764 
-0.2648351648 1.765275495e-10 5.31454004e-13 110330 
-0.2637362637 1.76140349e-10 5.308708287e-13 110088 
-0.2626373626 1.761179507e-10 5.30837077e-13 110074 
-0.2615384615 1.766667501e-10 5.316635028e-13 110417 
-0.2604395604 1.755099535e-10 5.299200044e-13 109694 
-0.2593406593 1.755627561e-10 5.299997164e-13 109727 
-0.2582417582 1.747131563e-10 5.287157462e-13 109196 
-0.2571428571 1.758123563e-10 5.303763381e-13 109883 
-0.256043956 1.751867564e-10 5.294318659e-13 109492 
-0.2549450549 1.749403601e-10 5.290594222e-13 109338 
-0.2538461538 1.753595591e-10 5.296929195e-13 109600 
-0.2527472527 1.759643565e-10 5.306055604e-13 109978 
-0.2516483516 1.760731581e-10 5.307695789e-13 110046 
-0.2505494505 1.756875616e-10 5.301880771e-13 109805 
-0.2494505495 1.759083628e-10 5.30521141e-13 109943 
-0.2483516484 1.753883616e-10 5.297364222e-13 109618 
-0.2472527473 1.760283624e-10 5.307020631e-13 110018 
-0.2461538462 1.756875638e-10 5.301880836e-13 109805 
-0.2450549451 1.75852364e-10 5.304366927e-13 109908 
-0.243956044 1.757051632e-10 5.302146378e-13 109816 
-0.2428571429 1.754459665e-10 5.298234168e-13 109654 
-0.2417582418 1.756747669e-10 5.301687788e-13 109797 
-0.2406593407 1.752571685e-10 5.295382698e-13 109536 
-0.2395604396 1.752427675e-10 5.295165117e-13 109527 
-0.2384615385 1.757883697e-10 5.303401767e-13 109868 
-0.2373626374 1.75471569e-10 5.298620773e-13 109670 
-0.2362637363 1.750683702e-10 5.292529685e-13 109418 
-0.2351648352 1.765355684e-10 5.314661031e-13 110335 
-0.2340659341 1.76127572e-10 5.308516085e-13 110080 
-0.232967033 1.760203719e-10 5.306900321e-13 110013 
-0.2318681319 1.761995715e-10 5.30960101e-13 110125 
-0.2307692308 1.751211749e-10 5.293327874e-13 109451 
-0.2296703297 1.757003729e-10 5.302074249e-13 109813 
-0.2285714286 1.759403746e-10 5.305694289e-13 109963 
-0.2274725275 1.758619749e-10 5.30451204e-13 109914 
-0.2263736264 1.754571773e-10 5.298403603e-13 109661 
-0.2252747253 1.751595781e-10 5.293908291e-13 109475 
-0.2241758242 1.750955794e-10 5.292941094e-13 109435 
-0.2230769231 1.762523786e-10 5.310396702e-13 110158 
-0.221978022 1.7570038e-10 5.302074462e-13 109813 
-0.2208791209 1.750427825e-10 5.292143082e-13 109402 
-0.2197802198 1.755531814e-10 5.299853022e-13 109721 
-0.2186813187 1.765387791e-10 5.314709521e-13 110337 
-0.2175824176 1.757755809e-10 5.303209019e-13 109860 
-0.2164835165 1.763147802e-10 5.31133671e-13 110197 
-0.2153846154 1.762987827e-10 5.311095786e-13 110187 
-0.2142857143 1.763099814e-10 5.311264448e-13 110194 
-0.2131868132 1.750475847e-10 5.292215709e-13 109405 
-0.2120879121 1.755883846e-10 5.300384428e-13 109743 
-0.210989011 1.757499882e-10 5.302823043e-13 109844 
-0.2098901099 1.764667856e-10 5.313625823e-13 110292 
-0.2087912088 1.754955886e-10 5.29898371e-13 109685 
-0.2076923077 1.76010787e-10 5.306756055e-13 110007 
-0.2065934066 1.755739918e-10 5.300167297e-13 109734 
-0.2054945055 1.761323875e-10 5.308588889e-13 110083 
-0.2043956044 1.761483892e-10 5.308830054e-13 110093 
-0.2032967033 1.761211885e-10 5.308420135e-13 110076 
-0.2021978022 1.75669991e-10 5.301616085e-13 109794 
-0.2010989011 1.757675915e-10 5.303088655e-13 109855 
-0.2 1.763803936e-10 5.312325099e-13 110238 
-0.1989010989 1.766747913e-10 5.316756644e-13 110422 
-0.1978021978 1.757723935e-10 5.303161125e-13 109858 
-0.1967032967 1.757483941e-10 5.302799083e-13 109843 
-0.1956043956 1.764571931e-10 5.313481513e-13 110286 
-0.1945054945 1.761531937e-10 5.308902521e-13 110096 
-0.1934065934 1.760571936e-10 5.307455693e-13 110036 
-0.1923076923 1.756107965e-10 5.300722865e-13 109757 
-0.1912087912 1.761723958e-10 5.309191903e-13 110108 
-0.1901098901 1.757531973e-10 5.302871594e-13 109846 
-0.189010989 1.754603988e-10 5.298452568e-13 109663 
-0.1879120879 1.759243988e-10 5.305453763e-13 109953 
-0.1868131868 1.763387972e-10 5.311698702e-13 110212 
-0.1857142857 1.753163993e-10 5.296277917e-13 109573 
-0.1846153846 1.759947987e-10 5.306515203e-13 109997 
-0.1835164835 1.760220022e-10 5.306925352e-13 110014 
-0.1824175824 1.759228034e-10 5.305429773e-13 109952 
-0.1813186813 1.754444034e-10 5.298211123e-13 109653 
-0.1802197802 1.764332005e-10 5.313120377e-13 110271 
-0.1791208791 1.756956049e-10 5.302002788e-13 109810 
-0.178021978 1.757932037e-10 5.303475198e-13 109871 
-0.1769230769 1.750524049e-10 5.292288878e-13 109408 
-0.1758241758 1.756540045e-10 5.301375051e-13 109784 
-0.1747252747 1.76260405e-10 5.310518015e-13 110163 
-0.1736263736 1.758828059e-10 5.304826659e-13 109927 
-0.1725274725 1.760476066e-10 5.307311383e-13 110030 
-0.1714285714 1.755484088e-10 5.299781393e-13 109718 
-0.1703296703 1.758476083e-10 5.304295869e-13 109905 
-0.1692307692 1.761820058e-10 5.309336858e-13 110114 
-0.1681318681 1.763452073e-10 5.311795395e-13 110216 
-0.167032967 1.753484123e-10 5.296761645e-13 109593 
-0.1659340659 1.755004106e-10 5.29905684e-13 109688 
-0.1648351648 1.753324124e-10 5.296519988e-13 109583 
-0.1637362637 1.760524103e-10 5.307383846e-13 110033 
-0.1626373626 1.761116101e-10 5.308276109e-13 110070 
-0.1615384615 1.764716096e-10 5.313698814e-13 110295 
-0.1604395604 1.762396115e-10 5.310204862e-13 110150 
-0.1593406593 1.752460131e-10 5.29521484e-13 109529 
-0.1582417582 1.749756151e-10 5.291128126e-13 109360 
-0.1571428571 1.761548116e-10 5.30892717e-13 110097 
-0.156043956 1.75647614e-10 5.301278759e-13 109780 
-0.1549450549 1.748876174e-10 5.289797498e-13 109305 
-0.1538461538 1.769580131e-10 5.321016838e-13 110599 
-0.1527472527 1.756780161e-10 5.301737559e-13 109799 
-0.1516483516 1.763340156e-10 5.311626963e-13 110209 
-0.1505494505 1.754476192e-10 5.298259917e-13 109655 
-0.1494505495 1.759516151e-10 5.305864382e-13 109970 
-0.1483516484 1.757180183e-10 5.302341167e-13 109824 
-0.1472527473 1.756860187e-10 5.301858353e-13 109804 
-0.1461538462 1.759596176e-10 5.305985075e-13 109975 
-0.1450549451 1.757932195e-10 5.303475674e-13 109871 
-0.143956044 1.759084187e-10 5.305213097e-13 109943 
-0.1428571429 1.756716197e-10 5.301641096e-13 109795 
-0.1417582418 1.756988193e-10 5.302051507e-13 109812 
-0.1406593407 1.755628218e-10 5.299999148e-13 109727 
-0.1395604396 1.758972215e-10 5.305044285e-13 109936 
-0.1384615385 1.762972205e-10 5.311072826e-13 110186 
-0.1373626374 1.763612205e-10 5.312036763e-13 110226 
-0.1362637363 1.762972204e-10 5.311072822e-13 110186 
-0.1351648352 1.756268234e-10 5.300965147e-13 109767 
-0.1340659341 1.765372209e-10 5.314686698e-13 110336 
-0.132967033 1.754332244e-10 5.298042638e-13 109646 
-0.1318681319 1.761948253e-10 5.309530307e-13 110122 
-0.1307692308 1.765436219e-10 5.314783064e-13 110340 
-0.1296703297 1.756748249e-10 5.301689538e-13 109797 
-0.1285714286 1.74974027e-10 5.291104293e-13 109359 
-0.1274725275 1.744028265e-10 5.282460836e-13 109002 
-0.1263736264 1.76188423e-10 5.309433808e-13 110118 
-0.1252747253 1.76193226e-10 5.309506221e-13 110121 
-0.1241758242 1.759964263e-10 5.306540153e-13 109998 
-0.1230769231 1.756972276e-10 5.302027615e-13 109811 
-0.121978022 1.760124271e-10 5.306781385e-13 110008 
-0.1208791209 1.75670029e-10 5.301617232e-13 109794 
-0.1197802198 1.755228284e-10 5.299395539e-13 109702 
-0.1186813187 1.763484271e-10 5.311844188e-13 110218 
-0.1175824176 1.761804268e-10 5.309313381e-13 110113 
-0.1164835165 1.753676312e-10 5.297052198e-13 109605 
-0.1153846154 1.753772315e-10 5.297197191e-13 109611 
-0.1142857143 1.759180305e-10 5.305358214e-13 109949 
-0.1131868132 1.751020324e-10 5.293039426e-13 109439 
-0.1120879121 1.755276317e-10 5.299468099e-13 109705 
-0.110989011 1.765132274e-10 5.314325617e-13 110321 
-0.1098901099 1.759804324e-10 5.306299121e-13 109988 
-0.1087912088 1.762204309e-10 5.309916185e-13 110138 
-0.1076923077 1.756092328e-10 5.300699813e-13 109756 
-0.1065934066 1.758604325e-10 5.304489645e-13 109913 
-0.1054945055 1.75831632e-10 5.304055264e-13 109895 
-0.1043956044 1.754796347e-10 5.29874354e-13 109675 
-0.1032967033 1.752252358e-10 5.294901269e-13 109516 
-0.1021978022 1.761596332e-10 5.309000153e-13 110100 
-0.1010989011 1.76914831e-10 5.320367836e-13 110572 
-0.1 1.754284343e-10 5.297970459e-13 109643 
-0.0989010989 1.758524352e-10 5.304369074e-13 109908 
-0.0978021978 1.74889235e-10 5.289822229e-13 109306 
-0.0967032967 1.761644335e-10 5.309072491e-13 110103 
-0.0956043956 1.75700437e-10 5.302076183e-13 109813 
-0.09450549451 1.758844343e-10 5.304851645e-13 109928 
-0.09340659341 1.763676351e-10 5.312133586e-13 110230 
-0.09230769231 1.757276361e-10 5.302486544e-13 109830 
-0.09120879121 1.759084351e-10 5.30521359e-13 109943 
-0.09010989011 1.753788386e-10 5.29722157e-13 109612 
-0.08901098901 1.762556367e-10 5.310446661e-13 110160 
-0.08791208791 1.765676354e-10 5.315144714e-13 110355 
-0.08681318681 1.754332376e-10 5.298043037e-13 109646 
-0.08571428571 1.758284374e-10 5.304007163e-13 109893 
-0.08461538462 1.756108397e-10 5.300724168e-13 109757 
-0.08351648352 1.76266836e-10 5.310615362e-13 110167 
-0.08241758242 1.750620408e-10 5.292435079e-13 109414 
-0.08131868132 1.751900406e-10 5.294369554e-13 109494 
-0.08021978022 1.759404392e-10 5.305696235e-13 109963 
-0.07912087912 1.761036395e-10 5.308156425e-13 110065 
-0.07802197802 1.759340415e-10 5.305599804e-13 109959 
-0.07692307692 1.7573724e-10 5.302631497e-13 109836 
-0.07582417582 1.758492402e-10 5.304320962e-13 109906 
-0.07472527473 1.761804394e-10 5.309313759e-13 110113 
-0.07362637363 1.760764396e-10 5.307746477e-13 110048 
-0.07252747253 1.764636399e-10 5.313579279e-13 110290 
-0.07142857143 1.751932431e-10 5.294417983e-13 109496 
-0.07032967033 1.765324399e-10 5.314615017e-13 110333 
-0.06923076923 1.759100422e-10 5.305237932e-13 109944 
-0.06813186813 1.758764421e-10 5.304731235e-13 109923 
-0.06703296703 1.752556441e-10 5.295360811e-13 109535 
-0.06593406593 1.763260412e-10 5.311507242e-13 110204 
-0.06483516484 1.755244417e-10 5.299420096e-13 109703 
-0.06373626374 1.75823644e-10 5.303934961e-13 109890 
-0.06263736264 1.760844445e-10 5.307867203e-13 110053 
-0.06153846154 1.762444424e-10 5.310278106e-13 110153 
-0.06043956044 1.750076444e-10 5.291612818e-13 109380 
-0.05934065934 1.764172421e-10 5.312880714e-13 110261 
-0.05824175824 1.755244442e-10 5.29942017e-13 109703 
-0.05714285714 1.754268453e-10 5.297946629e-13 109642 
-0.05604395604 1.746972451e-10 5.286918048e-13 109186 
-0.05494505495 1.749660466e-10 5.290983927e-13 109354 
-0.05384615385 1.763724426e-10 5.3122061e-13 110233 
-0.05274725275 1.752540459e-10 5.295336691e-13 109534 
-0.05164835165 1.763388422e-10 5.311700057e-13 110212 
-0.05054945055 1.762700448e-10 5.310663831e-13 110169 
-0.04945054945 1.748396475e-10 5.289072432e-13 109275 
-0.04835164835 1.757212458e-10 5.302390278e-13 109826 
-0.04725274725 1.755292466e-10 5.299492704e-13 109706 
-0.04615384615 1.756780459e-10 5.301738459e-13 109799 
-0.04505494505 1.753468464e-10 5.296738511e-13 109592 
-0.04395604396 1.760268446e-10 5.306998989e-13 110017 
-0.04285714286 1.763004458e-10 5.31112179e-13 110188 
-0.04175824176 1.75745246e-10 5.302752371e-13 109841 
-0.04065934066 1.756204457e-10 5.300869234e-13 109763 
-0.03956043956 1.754588459e-10 5.298429832e-13 109662 
-0.03846153846 1.759276452e-10 5.305503411e-13 109955 
-0.03736263736 1.757244463e-10 5.302438573e-13 109828 
-0.03626373626 1.750124462e-10 5.291685439e-13 109383 
-0.03516483516 1.753052477e-10 5.296110201e-13 109566 
-0.03406593407 1.75986845e-10 5.306395989e-13 109992 
-0.03296703297 1.750908494e-10 5.292870659e-13 109432 
-0.03186813187 1.757484476e-10 5.302800698e-13 109843 
-0.03076923077 1.756652482e-10 5.30154538e-13 109791 
-0.02967032967 1.762236471e-10 5.309964883e-13 110140 
-0.02857142857 1.755260473e-10 5.299444419e-13 109704 
-0.02747252747 1.747532496e-10 5.28776549e-13 109221 
-0.02637362637 1.764444453e-10 5.313290364e-13 110278 
-0.02527472527 1.752252488e-10 5.294901663e-13 109516 
-0.02417582418 1.763500467e-10 5.311868874e-13 110219 
-0.02307692308 1.765292469e-10 5.314567057e-13 110331 
-0.02197802198 1.75647649e-10 5.301279815e-13 109780 
-0.02087912088 1.760556475e-10 5.307433201e-13 110035 
-0.01978021978 1.756316481e-10 5.301038332e-13 109770 
-0.01868131868 1.759500483e-10 5.305841258e-13 109969 
-0.01758241758 1.757708479e-10 5.303138629e-13 109857 
-0.01648351648 1.758780473e-10 5.304755522e-13 109924 
-0.01538461538 1.757420467e-10 5.302704116e-13 109839 
-0.01428571429 1.766076467e-10 5.315747073e-13 110380 
-0.01318681319 1.763132487e-10 5.311314676e-13 110196 
-0.01208791209 1.756444479e-10 5.301231493e-13 109778 
-0.01098901099 1.754060479e-10 5.297632616e-13 109629 
-0.00989010989 1.753324484e-10 5.296521075e-13 109583 
-0.008791208791 1.745324512e-10 5.28442394e-13 109083 
-0.007692307692 1.7508605e-10 5.292798125e-13 109429 
-0.006593406593 1.755564482e-10 5.299903342e-13 109723 
-0.005494505495 1.7582365e-10 5.303935142e-13 109890 
-0.004395604396 1.751548494e-10 5.293837908e-13 109472 
-0.003296703297 1.767260471e-10 5.317528662e-13 110454 
-0.002197802198 1.753724498e-10 5.297125252e-13 109608 
-0.001098901099 1.757612481e-10 5.302993813e-13 109851 
0 1.754684485e-10 5.298574856e-13 109668 
0.001098901099 1.755900481e-10 5.300410492e-13 109744 
0.002197802198 1.764476478e-10 5.313338622e-13 110280 
0.003296703297 1.761452468e-10 5.308783567e-13 110091 
0.004395604396 1.752476498e-10 5.29524012e-13 109530 
0.005494505495 1.760620481e-10 5.307529687e-13 110039 
0.006593406593 1.756844485e-10 5.301835109e-13 109803 
0.007692307692 1.76383646e-10 5.312374866e-13 110240 
0.008791208791 1.761228466e-10 5.308445998e-13 110077 
0.00989010989 1.761980466e-10 5.309579166e-13 110124 
0.01098901099 1.754396487e-10 5.298140011e-13 109650 
0.01208791209 1.755052505e-10 5.299130511e-13 109691 
0.01318681319 1.755740484e-10 5.300169007e-13 109734 
0.01428571429 1.75833248e-10 5.30407988e-13 109896 
0.01538461538 1.765180471e-10 5.314398466e-13 110324 
0.01648351648 1.760428484e-10 5.30724029e-13 110027 
0.01758241758 1.751212496e-10 5.293330131e-13 109451 
0.01868131868 1.752860482e-10 5.295820184e-13 109554 
0.01978021978 1.759564473e-10 5.305937724e-13 109973 
0.02087912088 1.756236479e-10 5.300917592e-13 109765 
0.02197802198 1.755292485e-10 5.29949276e-13 109706 
0.02307692308 1.767452454e-10 5.317817459e-13 110466 
0.02417582418 1.754428488e-10 5.298188334e-13 109652 
0.02527472527 1.768812448e-10 5.319863001e-13 110551 
0.02637362637 1.757244498e-10 5.302438679e-13 109828 
0.02747252747 1.75847647e-10 5.304297035e-13 109905 
0.02857142857 1.76172446e-10 5.309193417e-13 110108 
0.02967032967 1.749948481e-10 5.291419413e-13 109372 
0.03076923077 1.752716485e-10 5.295602659e-13 109545 
0.03186813187 1.760908464e-10 5.307963719e-13 110057 
0.03296703297 1.76665245e-10 5.31661381e-13 110416 
0.03406593407 1.75751648e-10 5.302848987e-13 109845 
0.03516483516 1.760268452e-10 5.306999008e-13 110017 
0.03626373626 1.756572465e-10 5.301424609e-13 109786 
0.03736263736 1.753628469e-10 5.296980178e-13 109602 
0.03846153846 1.758460463e-10 5.304272884e-13 109904 
0.03956043956 1.752156481e-10 5.294756593e-13 109510 
0.04065934066 1.75465246e-10 5.298526466e-13 109666 
0.04175824176 1.751564459e-10 5.293861981e-13 109473 
0.04285714286 1.758188464e-10 5.303862635e-13 109887 
0.04395604396 1.754908464e-10 5.298912988e-13 109682 
0.04505494505 1.765884448e-10 5.315458056e-13 110368 
0.04615384615 1.768444428e-10 5.319309512e-13 110528 
0.04725274725 1.757100448e-10 5.302221264e-13 109819 
0.04835164835 1.754780454e-10 5.298719705e-13 109674 
0.04945054945 1.758348452e-10 5.304103927e-13 109897 
0.05054945055 1.756716435e-10 5.301641814e-13 109795 
0.05164835165 1.75898845e-10 5.305069122e-13 109937 
0.05274725275 1.750268467e-10 5.291903149e-13 109392 
0.05384615385 1.751372454e-10 5.293571811e-13 109461 
0.05494505495 1.759916443e-10 5.306468335e-13 109995 
0.05604395604 1.762940429e-10 5.3110253e-13 110184 
0.05714285714 1.754796441e-10 5.298743825e-13 109675 
0.05824175824 1.744140467e-10 5.282631063e-13 109009 
0.05934065934 1.754588445e-10 5.298429789e-13 109662 
0.06043956044 1.752444462e-10 5.295191667e-13 109528 
0.06153846154 1.759372425e-10 5.305648085e-13 109961 
0.06263736264 1.753164434e-10 5.29627925e-13 109573 
0.06373626374 1.757372431e-10 5.302631593e-13 109836 
0.06483516484 1.752172438e-10 5.294780638e-13 109511 
0.06593406593 1.762684402e-10 5.310639592e-13 110168 
0.06703296703 1.75028444e-10 5.291927255e-13 109393 
0.06813186813 1.758316432e-10 5.304055603e-13 109895 
0.06923076923 1.758620421e-10 5.304514067e-13 109914 
0.07032967033 1.760476404e-10 5.307312403e-13 110030 
0.07142857143 1.750716441e-10 5.292580289e-13 109420 
0.07252747253 1.748172425e-10 5.288733458e-13 109261 
0.07362637363 1.74199645e-10 5.279383145e-13 108875 
0.07472527473 1.756876409e-10 5.301883166e-13 109805 
0.07582417582 1.752076424e-10 5.294635547e-13 109505 
0.07692307692 1.764684372e-10 5.313651465e-13 110293 
0.07802197802 1.756956398e-10 5.302003841e-13 109810 
0.07912087912 1.756396395e-10 5.301158802e-13 109775 
0.08021978022 1.761820404e-10 5.3093379e-13 110114 
0.08131868132 1.768748368e-10 5.319766516e-13 110547 
0.08241758242 1.751692408e-10 5.294055256e-13 109481 
0.08351648352 1.753468396e-10 5.296738305e-13 109592 
0.08461538462 1.751020384e-10 5.293039609e-13 109439 
0.08571428571 1.764044363e-10 5.312687796e-13 110253 
0.08681318681 1.75428439e-10 5.297970602e-13 109643 
0.08791208791 1.764428361e-10 5.313265995e-13 110277 
0.08901098901 1.759308363e-10 5.305551397e-13 109957 
0.09010989011 1.750524386e-10 5.292289897e-13 109408 
0.09120879121 1.758284367e-10 5.304007139e-13 109893 
0.09230769231 1.763164365e-10 5.311362508e-13 110198 
0.09340659341 1.759964355e-10 5.306540431e-13 109998 
0.09450549451 1.754508369e-10 5.298308768e-13 109657 
0.0956043956 1.764444335e-10 5.313290009e-13 110278 
0.0967032967 1.760860343e-10 5.307891009e-13 110054 
0.0978021978 1.754876362e-10 5.298864369e-13 109680 
0.0989010989 1.761164333e-10 5.308349145e-13 110073 
0.1 1.750924363e-10 5.292894447e-13 109433 
0.1010989011 1.76162833e-10 5.309048368e-13 110102 
0.1021978022 1.75106835e-10 5.293112054e-13 109442 
0.1032967033 1.743884368e-10 5.282243063e-13 108993 
0.1043956044 1.761388324e-10 5.30868669e-13 110087 
0.1054945055 1.757580324e-10 5.302945066e-13 109849 
0.1065934066 1.767420297e-10 5.317768847e-13 110464 
0.1076923077 1.749548352e-10 5.290814236e-13 109347 
0.1087912088 1.757884324e-10 5.30340366e-13 109868 
0.1098901099 1.765388298e-10 5.314711048e-13 110337 
0.110989011 1.760108302e-10 5.306757359e-13 110007 
0.1120879121 1.753532317e-10 5.29683473e-13 109596 
0.1131868132 1.754892313e-10 5.298888376e-13 109681 
0.1142857143 1.758252292e-10 5.303958648e-13 109891 
0.1153846154 1.764220262e-10 5.312952511e-13 110264 
0.1164835165 1.763724287e-10 5.312205681e-13 110233 
0.1175824176 1.758060281e-10 5.303669011e-13 109879 
0.1186813187 1.754396289e-10 5.298139414e-13 109650 
0.1197802198 1.756156267e-10 5.300796217e-13 109760 
0.1208791209 1.759676278e-10 5.306106001e-13 109980 
0.121978022 1.752140281e-10 5.294731814e-13 109509 
0.1230769231 1.753772281e-10 5.297197088e-13 109611 
0.1241758242 1.761244264e-10 5.3084695e-13 110078 
0.1252747253 1.76108428e-10 5.308228421e-13 110068 
0.1263736264 1.757660255e-10 5.303065544e-13 109854 
0.1274725275 1.750364268e-10 5.292047674e-13 109398 
0.1285714286 1.757036265e-10 5.302124149e-13 109815 
0.1296703297 1.750220265e-10 5.291829974e-13 109389 
0.1307692308 1.758444243e-10 5.304248087e-13 109903 
0.1318681319 1.75454025e-10 5.298356727e-13 109659 
0.132967033 1.751532253e-10 5.293813e-13 109471 
0.1340659341 1.757820233e-10 5.303306841e-13 109864 
0.1351648352 1.764204214e-10 5.312928274e-13 110263 
0.1362637363 1.758188208e-10 5.303861864e-13 109887 
0.1373626374 1.758252213e-10 5.303958411e-13 109891 
0.1384615385 1.747388242e-10 5.287546857e-13 109212 
0.1395604396 1.757276213e-10 5.302486096e-13 109830 
0.1406593407 1.7627642e-10 5.310759494e-13 110173 
0.1417582418 1.757900209e-10 5.303427448e-13 109869 
0.1428571429 1.753164203e-10 5.296278552e-13 109573 
0.143956044 1.752812205e-10 5.295746836e-13 109551 
0.1450549451 1.760812173e-10 5.307818151e-13 110051 
0.1461538462 1.754108192e-10 5.297704235e-13 109632 
0.1472527473 1.757324178e-10 5.302558411e-13 109833 
0.1483516484 1.755004191e-10 5.299057097e-13 109688 
0.1494505495 1.754140194e-10 5.297752562e-13 109634 
0.1505494505 1.759340188e-10 5.305599121e-13 109959 
0.1516483516 1.765452131e-10 5.314806883e-13 110341 
0.1527472527 1.751548186e-10 5.293836978e-13 109472 
0.1538461538 1.758732162e-10 5.304682194e-13 109921 
0.1549450549 1.762780133e-10 5.310783394e-13 110174 
0.156043956 1.762044116e-10 5.309674539e-13 110128 
0.1571428571 1.763724112e-10 5.312205153e-13 110233 
0.1582417582 1.768028104e-10 5.318682856e-13 110502 
0.1593406593 1.765612116e-10 5.315047668e-13 110351 
0.1604395604 1.758476117e-10 5.304295972e-13 109905 
0.1615384615 1.747004136e-10 5.286965513e-13 109188 
0.1626373626 1.748316124e-10 5.288950365e-13 109270 
0.1637362637 1.762108098e-10 5.309770912e-13 110132 
0.1648351648 1.762748097e-10 5.310735081e-13 110172 
0.1659340659 1.754092113e-10 5.297679833e-13 109631 
0.167032967 1.759612106e-10 5.306008988e-13 109976 
0.1681318681 1.768076052e-10 5.318754898e-13 110505 
0.1692307692 1.76508406e-10 5.314252715e-13 110318 
0.1703296703 1.754812083e-10 5.2987669e-13 109676 
0.1714285714 1.757020067e-10 5.302099409e-13 109814 
0.1725274725 1.74823608e-10 5.288829223e-13 109265 
0.1736263736 1.756140067e-10 5.300771466e-13 109759 
0.1747252747 1.753532059e-10 5.296833949e-13 109596 
0.1758241758 1.747996079e-10 5.28846618e-13 109250 
0.1769230769 1.765468029e-10 5.31483066e-13 110342 
0.178021978 1.763036028e-10 5.311168695e-13 110190 
0.1791208791 1.760332006e-10 5.307094139e-13 110021 
0.1802197802 1.757644024e-10 5.303040709e-13 109853 
0.1813186813 1.760684009e-10 5.307624732e-13 110043 
0.1824175824 1.758892026e-10 5.304923074e-13 109931 
0.1835164835 1.757100014e-10 5.302219953e-13 109819 
0.1846153846 1.755260009e-10 5.299443017e-13 109704 
0.1857142857 1.752924015e-10 5.295915454e-13 109558 
0.1868131868 1.761131987e-10 5.308299878e-13 110071 
0.1879120879 1.746572023e-10 5.286311448e-13 109161 
0.189010989 1.759867966e-10 5.306394531e-13 109992 
0.1901098901 1.767611944e-10 5.318056618e-13 110476 
0.1912087912 1.76764396e-10 5.318104804e-13 110478 
0.1923076923 1.769675927e-10 5.321160556e-13 110605 
0.1934065934 1.76114796e-10 5.308323908e-13 110072 
0.1945054945 1.762571946e-10 5.310469497e-13 110161 
0.1956043956 1.754795953e-10 5.298742352e-13 109675 
0.1967032967 1.756443935e-10 5.301229851e-13 109778 
0.1978021978 1.753595939e-10 5.296930248e-13 109600 
0.1989010989 1.763131897e-10 5.311312897e-13 110196 
0.2 1.753707924e-10 5.297099355e-13 109607 
0.2010989011 1.754923942e-10 5.298935566e-13 109683 
0.2021978022 1.762395898e-10 5.310204208e-13 110150 
0.2032967033 1.757195914e-10 5.302364495e-13 109825 
0.2043956044 1.756427886e-10 5.301205556e-13 109777 
0.2054945055 1.761179868e-10 5.308371858e-13 110074 
0.2065934066 1.752843911e-10 5.295794288e-13 109553 
0.2076923077 1.76367587e-10 5.312132138e-13 110230 
0.2087912088 1.763083843e-10 5.311240438e-13 110193 
0.2098901099 1.756683865e-10 5.301591807e-13 109793 
0.210989011 1.751275869e-10 5.29342496e-13 109455 
0.2120879121 1.761787841e-10 5.309287984e-13 110112 
0.2131868132 1.755259862e-10 5.299442574e-13 109704 
0.2142857143 1.766523812e-10 5.316419283e-13 110408 
0.2153846154 1.755035826e-10 5.299104304e-13 109690 
0.2164835165 1.754219828e-10 5.297872262e-13 109639 
0.2175824176 1.751387817e-10 5.293594067e-13 109462 
0.2186813187 1.765035782e-10 5.314179619e-13 110315 
0.2197802198 1.764715786e-10 5.31369788e-13 110295 
0.2208791209 1.755547821e-10 5.299877195e-13 109722 
0.221978022 1.764731787e-10 5.31372197e-13 110296 
0.2230769231 1.76273175e-10 5.310709935e-13 110171 
0.2241758242 1.757403769e-10 5.302677873e-13 109838 
0.2252747253 1.770523733e-10 5.322434731e-13 110658 
0.2263736264 1.765403758e-10 5.314733509e-13 110338 
0.2274725275 1.773243713e-10 5.326521455e-13 110828 
0.2285714286 1.757755761e-10 5.303208873e-13 109860 
0.2296703297 1.763339737e-10 5.311625702e-13 110209 
0.2307692308 1.749835735e-10 5.291247823e-13 109365 
0.2318681319 1.765515709e-10 5.314901944e-13 110345 
0.232967033 1.751851729e-10 5.294294979e-13 109491 
0.2340659341 1.75193172e-10 5.294415834e-13 109496 
0.2351648352 1.762667694e-10 5.310613354e-13 110167 
0.2362637363 1.751099693e-10 5.293158431e-13 109444 
0.2373626374 1.757291704e-10 5.302508701e-13 109831 
0.2384615385 1.753387707e-10 5.296615392e-13 109587 
0.2395604396 1.767403642e-10 5.317742804e-13 110463 
0.2406593407 1.755403656e-10 5.299659327e-13 109713 
0.2417582418 1.759515658e-10 5.305862895e-13 109970 
0.2428571429 1.761291649e-10 5.308539984e-13 110081 
0.243956044 1.753643643e-10 5.297001848e-13 109603 
0.2450549451 1.751387654e-10 5.293593575e-13 109462 
0.2461538462 1.762859627e-10 5.310902379e-13 110179 
0.2472527473 1.772859574e-10 5.32594427e-13 110804 
0.2483516484 1.750619639e-10 5.292432754e-13 109414 
0.2494505495 1.756171625e-10 5.300818426e-13 109761 
0.2505494505 1.756683621e-10 5.30159107e-13 109793 
0.2516483516 1.751723612e-10 5.294101205e-13 109483 
0.2527472527 1.760411585e-10 5.307213461e-13 110026 
0.2538461538 1.758235594e-10 5.303932409e-13 109890 
0.2549450549 1.763067563e-10 5.311215494e-13 110192 
0.256043956 1.760139563e-10 5.306803371e-13 110009 
0.2571428571 1.755179558e-10 5.299320886e-13 109699 
0.2582417582 1.751627559e-10 5.293955977e-13 109477 
0.2593406593 1.757115549e-10 5.302242693e-13 109820 
0.2604395604 1.770411499e-10 5.322265681e-13 110651 
0.2615384615 1.75975552e-10 5.30622433e-13 109985 
0.2626373626 1.766603521e-10 5.316538786e-13 110413 
0.2637362637 1.752203515e-10 5.2948262e-13 109513 
0.2648351648 1.762155481e-10 5.309841371e-13 110135 
0.2659340659 1.758603489e-10 5.304487124e-13 109913 
0.267032967 1.760411486e-10 5.307213162e-13 110026 
0.2681318681 1.756587485e-10 5.301445795e-13 109787 
0.2692307692 1.764235442e-10 5.312974132e-13 110265 
0.2703296703 1.763131453e-10 5.311311561e-13 110196 
0.2714285714 1.759211448e-10 5.305403881e-13 109951 
0.2725274725 1.757387435e-10 5.302652725e-13 109837 
0.2736263736 1.757259412e-10 5.302459542e-13 109829 
0.2747252747 1.765035405e-10 5.314178486e-13 110315 
0.2758241758 1.761707407e-10 5.309166132e-13 110107 
0.2769230769 1.769435387e-10 5.320798098e-13 110590 
0.278021978 1.761387377e-10 5.308683836e-13 110087 
0.2791208791 1.754459418e-10 5.298233421e-13 109654 
0.2802197802 1.761179369e-10 5.308370354e-13 110074 
0.2813186813 1.758091389e-10 5.303714589e-13 109881 
0.2824175824 1.764875329e-10 5.313937385e-13 110305 
0.2835164835 1.758075366e-10 5.303690386e-13 109880 
0.2846153846 1.763355335e-10 5.311648588e-13 110210 
0.2857142857 1.755291355e-10 5.299489349e-13 109706 
0.2868131868 1.761787307e-10 5.309286377e-13 110112 
0.2879120879 1.759163313e-10 5.305331095e-13 109948 
0.289010989 1.756971317e-10 5.302024721e-13 109811 
0.2901098901 1.754587327e-10 5.298426415e-13 109662 
0.2912087912 1.76191526e-10 5.309479101e-13 110120 
0.2923076923 1.753275285e-10 5.296444952e-13 109580 
0.2934065934 1.767899252e-10 5.318487761e-13 110494 
0.2945054945 1.764299224e-10 5.313069844e-13 110269 
0.2956043956 1.761083232e-10 5.30822526e-13 110068 
0.2967032967 1.753419263e-10 5.296662384e-13 109589 
0.2978021978 1.762235224e-10 5.309961127e-13 110140 
0.2989010989 1.756555215e-10 5.301396693e-13 109785 
0.3 1.766091202e-10 5.315767344e-13 110381 
0.3010989011 1.764715184e-10 5.313696066e-13 110295 
0.3021978022 1.755243212e-10 5.299416456e-13 109703 
0.3032967033 1.765147166e-10 5.314346367e-13 110322 
0.3043956044 1.760747154e-10 5.307718619e-13 110047 
0.3054945055 1.750523202e-10 5.292286318e-13 109408 
0.3065934066 1.750251191e-10 5.291875102e-13 109391 
0.3076923077 1.752011165e-10 5.294535039e-13 109501 
0.3087912088 1.755531153e-10 5.299851026e-13 109721 
0.3098901099 1.766635107e-10 5.316585693e-13 110415 
0.310989011 1.755195115e-10 5.299343703e-13 109700 
0.3120879121 1.75874711e-10 5.304703151e-13 109922 
0.3131868132 1.757787101e-10 5.303255155e-13 109862 
0.3142857143 1.74681113e-10 5.286671936e-13 109176 
0.3153846154 1.765291073e-10 5.314562856e-13 110331 
0.3164835165 1.764923048e-10 5.3140088e-13 110308 
0.3175824176 1.754219064e-10 5.297869955e-13 109639 
0.3186813187 1.76516304e-10 5.314370075e-13 110323 
0.3197802198 1.76268303e-10 5.310635457e-13 110168 
0.3208791209 1.753931046e-10 5.297434989e-13 109621 
0.321978022 1.760219037e-10 5.306922383e-13 110014 
0.3230769231 1.763514994e-10 5.311888535e-13 110220 
0.3241758242 1.754106997e-10 5.297700625e-13 109632 
0.3252747253 1.752203002e-10 5.29482465e-13 109513 
0.3263736264 1.755322996e-10 5.299536571e-13 109708 
0.3274725275 1.763098961e-10 5.311261879e-13 110194 
0.3285714286 1.758298996e-10 5.304027137e-13 109894 
0.3296703297 1.760202948e-10 5.306897995e-13 110013 
0.3307692308 1.76735491e-10 5.317668392e-13 110460 
0.3318681319 1.754586962e-10 5.298425311e-13 109662 
0.332967033 1.767482917e-10 5.317860973e-13 110468 
0.3340659341 1.750218946e-10 5.291825987e-13 109389 
0.3351648352 1.761258874e-10 5.308489425e-13 110079 
0.3362637363 1.752570909e-10 5.295380353e-13 109536 
0.3373626374 1.754762902e-10 5.298690862e-13 109673 
0.3384615385 1.756714887e-10 5.301637142e-13 109795 
0.3395604396 1.753146869e-10 5.296250352e-13 109572 
0.3406593407 1.744458896e-10 5.283110889e-13 109029 
0.3417582418 1.756122847e-10 5.300743636e-13 109758 
0.3428571429 1.762314799e-10 5.310080373e-13 110145 
0.343956044 1.762634799e-10 5.310562454e-13 110165 
0.3450549451 1.763322798e-10 5.311598774e-13 110208 
0.3461538462 1.757898797e-10 5.303423186e-13 109869 
0.3472527473 1.756586815e-10 5.301443775e-13 109787 
0.3483516484 1.758362751e-10 5.304122928e-13 109898 
0.3494505495 1.756666761e-10 5.301564331e-13 109792 
0.3505494505 1.756442768e-10 5.301226328e-13 109778 
0.3516483516 1.754762758e-10 5.298690429e-13 109673 
0.3527472527 1.758234722e-10 5.30392978e-13 109890 
0.3538461538 1.760186708e-10 5.306873152e-13 110012 
0.3549450549 1.755418709e-10 5.299680621e-13 109714 
0.356043956 1.763466676e-10 5.311815285e-13 110217 
0.3571428571 1.753338718e-10 5.296539907e-13 109584 
0.3582417582 1.759738671e-10 5.306197646e-13 109984 
0.3593406593 1.758426689e-10 5.304219268e-13 109902 
0.3604395604 1.764506623e-10 5.313381214e-13 110282 
0.3615384615 1.744218686e-10 5.282746818e-13 109014 
0.3626373626 1.756026631e-10 5.300598097e-13 109752 
0.3637362637 1.75754663e-10 5.30289168e-13 109847 
0.3648351648 1.747562664e-10 5.287808361e-13 109223 
0.3659340659 1.759786575e-10 5.306269725e-13 109987 
0.367032967 1.763514556e-10 5.311887214e-13 110220 
0.3681318681 1.749562606e-10 5.290833148e-13 109348 
0.3692307692 1.766618518e-10 5.316559845e-13 110414 
0.3703296703 1.761242542e-10 5.308464313e-13 110078 
0.3714285714 1.757162558e-10 5.302312125e-13 109823 
0.3725274725 1.756618535e-10 5.301491218e-13 109789 
0.3736263736 1.763866514e-10 5.312417196e-13 110242 
0.3747252747 1.762042476e-10 5.309669597e-13 110128 
0.3758241758 1.75921049e-10 5.305400993e-13 109951 
0.3769230769 1.761578468e-10 5.308970424e-13 110099 
0.378021978 1.754362494e-10 5.298085673e-13 109648 
0.3791208791 1.754858459e-10 5.298834464e-13 109679 
0.3802197802 1.755514431e-10 5.299824694e-13 109720 
0.3813186813 1.75970642e-10 5.306148646e-13 109982 
0.3824175824 1.76437842e-10 5.313187878e-13 110274 
0.3835164835 1.755338412e-10 5.29955896e-13 109709 
0.3846153846 1.758906402e-10 5.304942304e-13 109932 
0.3857142857 1.754218399e-10 5.297867945e-13 109639 
0.3868131868 1.76260236e-10 5.310512925e-13 110163 
0.3879120879 1.754106369e-10 5.297698727e-13 109632 
0.389010989 1.762762331e-10 5.310753864e-13 110173 
0.3901098901 1.75978633e-10 5.306268987e-13 109987 
0.3912087912 1.757242342e-10 5.302432171e-13 109828 
0.3923076923 1.752522354e-10 5.295306161e-13 109533 
0.3934065934 1.752762334e-10 5.295668671e-13 109548 
0.3945054945 1.754682301e-10 5.298568262e-13 109668 
0.3956043956 1.757930305e-10 5.303469974e-13 109871 
0.3967032967 1.765930221e-10 5.315523592e-13 110371 
0.3978021978 1.750826274e-10 5.292743029e-13 109427 
0.3989010989 1.764890229e-10 5.313958161e-13 110306 
0.4 1.760202241e-10 5.306895865e-13 110013 
0.4010989011 1.755674235e-10 5.300065615e-13 109730 
0.4021978022 1.760954186e-10 5.308029197e-13 110060 
0.4032967033 1.755642199e-10 5.300017205e-13 109728 
0.4043956044 1.751114191e-10 5.293178071e-13 109445 
0.4054945055 1.757082168e-10 5.302190243e-13 109818 
0.4065934066 1.7494662e-10 5.290686761e-13 109342 
0.4076923077 1.757610147e-10 5.302986772e-13 109851 
0.4087912088 1.759546148e-10 5.305906589e-13 109972 
0.4098901099 1.746634142e-10 5.28640261e-13 109165 
0.410989011 1.752026128e-10 5.29455608e-13 109502 
0.4120879121 1.763130078e-10 5.311307418e-13 110196 
0.4131868132 1.761850049e-10 5.30937902e-13 110116 
0.4142857143 1.759786051e-10 5.306268147e-13 109987 
0.4153846154 1.754042039e-10 5.297601083e-13 109628 
0.4164835165 1.765002005e-10 5.314126096e-13 110313 
0.4175824176 1.75217004e-10 5.294773393e-13 109511 
0.4186813187 1.751914036e-10 5.294386569e-13 109495 
0.4197802198 1.760026017e-10 5.306629866e-13 110002 
0.4208791209 1.745306022e-10 5.284392179e-13 109082 
0.421978022 1.766697959e-10 5.31667854e-13 110419 
0.4230769231 1.758761961e-10 5.304723815e-13 109923 
0.4241758242 1.761305945e-10 5.308558962e-13 110082 
0.4252747253 1.760601945e-10 5.307497925e-13 110038 
0.4263736264 1.750281953e-10 5.291919735e-13 109393 
0.4274725275 1.759609911e-10 5.30600237e-13 109976 
0.4285714286 1.758345891e-10 5.304096201e-13 109897 
0.4296703297 1.760713864e-10 5.307666499e-13 110045 
0.4307692308 1.758745873e-10 5.304699421e-13 109922 
0.4318681319 1.760217858e-10 5.306918828e-13 110014 
0.432967033 1.754697831e-10 5.298591001e-13 109669 
0.4340659341 1.761321808e-10 5.30858266e-13 110083 
0.4351648352 1.760137802e-10 5.306798063e-13 110009 
0.4362637363 1.753849842e-10 5.29731054e-13 109616 
0.4373626374 1.751433831e-10 5.293660605e-13 109465 
0.4384615385 1.767817774e-10 5.318362977e-13 110489 
0.4395604396 1.755753785e-10 5.300185009e-13 109735 
0.4406593407 1.754377766e-10 5.298107634e-13 109649 
0.4417582418 1.759705734e-10 5.306146576e-13 109982 
0.4428571429 1.754505762e-10 5.298300896e-13 109657 
0.443956044 1.760633719e-10 5.30754548e-13 110040 
0.4450549451 1.758201716e-10 5.303878479e-13 109888 
0.4461538462 1.760617674e-10 5.307521227e-13 110039 
0.4472527473 1.761545643e-10 5.308919718e-13 110097 
0.4483516484 1.758873643e-10 5.304891759e-13 109930 
0.4494505495 1.760313624e-10 5.307062838e-13 110020 
0.4505494505 1.75908165e-10 5.305205442e-13 109943 
0.4516483516 1.761945601e-10 5.309522316e-13 110122 
0.4527472527 1.759273567e-10 5.305494711e-13 109955 
0.4538461538 1.754569616e-10 5.298397088e-13 109661 
0.4549450549 1.759609571e-10 5.306001345e-13 109976 
0.456043956 1.76007355e-10 5.306700819e-13 110005 
0.4571428571 1.760777526e-10 5.307761942e-13 110049 
0.4582417582 1.764201505e-10 5.312920117e-13 110263 
0.4593406593 1.765033476e-10 5.314172675e-13 110315 
0.4604395604 1.761865495e-10 5.309401457e-13 110117 
0.4615384615 1.751865533e-10 5.294312519e-13 109492 
0.4626373626 1.759193477e-10 5.30537381e-13 109950 
0.4637362637 1.760361449e-10 5.307134665e-13 110023 
0.4648351648 1.747801476e-10 5.288167852e-13 109238 
0.4659340659 1.761353425e-10 5.30862973e-13 110085 
0.467032967 1.76047342e-10 5.307303405e-13 110030 
0.4681318681 1.765353379e-10 5.314654093e-13 110335 
0.4692307692 1.761177389e-10 5.308364385e-13 110074 
0.4703296703 1.753625408e-10 5.296970931e-13 109602 
0.4714285714 1.754329364e-10 5.298033943e-13 109646 
0.4725274725 1.755849352e-10 5.300328598e-13 109741 
0.4736263736 1.759529339e-10 5.305880026e-13 109971 
0.4747252747 1.757257316e-10 5.302453218e-13 109829 
0.4758241758 1.762073284e-10 5.309714219e-13 110130 
0.4769230769 1.759417271e-10 5.30571095e-13 109964 
0.478021978 1.763657241e-10 5.312100123e-13 110229 
0.4791208791 1.748793282e-10 5.289667762e-13 109300 
0.4802197802 1.754137279e-10 5.297743758e-13 109634 
0.4813186813 1.762473203e-10 5.310316609e-13 110155 
0.4824175824 1.761689199e-10 5.30913537e-13 110106 
0.4835164835 1.755977197e-10 5.300521324e-13 109749 
0.4846153846 1.754041214e-10 5.297598593e-13 109628 
0.4857142857 1.75736917e-10 5.302621751e-13 109836 
0.4868131868 1.759577138e-10 5.305951791e-13 109974 
0.4879120879 1.751961155e-10 5.294456438e-13 109498 
0.489010989 1.758137119e-10 5.303780142e-13 109884 
0.4901098901 1.765145059e-10 5.314340023e-13 110322 
0.4912087912 1.766505069e-10 5.316386952e-13 110407 
0.4923076923 1.752841123e-10 5.295785864e-13 109553 
0.4934065934 1.758729052e-10 5.304672814e-13 109921 
0.4945054945 1.770040988e-10 5.321704955e-13 110628 
0.4956043956 1.766200993e-10 5.315929249e-13 110388 
0.4967032967 1.758601018e-10 5.304479671e-13 109913 
0.4978021978 1.758217005e-10 5.303900465e-13 109889 
0.4989010989 1.761256976e-10 5.308483703e-13 110079 
0.5 8.821564576e-11 3.756919834e-13 55135 
0.5010989011 0 0 0 
0.5021978022 0 0 0 
0.5032967033 0 0 0 
0.5043956044 0 0 0 
0.5054945055 0 0 0 
0.5065934066 0 0 0 
0.5076923077 0 0 0 
0.5087912088 0 0 0 
0.5098901099 0 0 0 
0.510989011 0 0 0 
0.5120879121 0 0 0 
0.5131868132 0 0 0 
0.5142857143 0 0 0 
0.5153846154 0 0 0 
0.5164835165 0 0 0 
0.5175824176 0 0 0 
0.5186813187 0 0 0 
0.5197802198 0 0 0 
0.5208791209 0 0 0 
0.521978022 0 0 0 
0.5230769231 0 0 0 
0.5241758242 0 0 0 
0.5252747253 0 0 0 
0.5263736264 0 0 0 
0.5274725275 0 0 0 
0.5285714286 0 0 0 
0.5296703297 0 0 0 
0.5307692308 0 0 0 
0.5318681319 0 0 0 
0.532967033 0 0 0 
0.5340659341 0 0 0 
0.5351648352 0 0 0 
0.5362637363 0 0 0 
0.5373626374 0 0 0 
0.5384615385 0 0 0 
0.5395604396 0 0 0 
0.5406593407 0 0 0 
0.5417582418 0 0 0 
0.5428571429 0 0 0 
0.543956044 0 0 0 
0.5450549451 0 0 0 
0.5461538462 0 0 0 
0.5472527473 0 0 0 
0.5483516484 0 0 0 
0.5494505495 0 0 0 
